49,0,13,26,1,1,3,2,3,0,2,3,3,0,2,3,3,0,1,2,2,2,2,3,3,2
30,0,56,62,2,1,3,2,0,3,3,2,0,0,3,0,3,0,0,3,0,0,0,2,0,0
39,0,0,0,3,0,3,2,3,0,2,2,1,3,2,3,1,0,1,3,2,0,0,3,2,0
15,1,5,5,4,0,0,0,1,3,2,2,1,3,0,0,1,2,2,2,0,,2,0,0,1
39,0,10,13,5,0,3,0,3,3,3,3,1,3,3,2,3,2,2,3,0,3,3,3,3,3
6,1,4,4,6,1,1,0,1,3,0,0,0,3,0,1,1,3,1,0,1,3,0,0,0,0
52,1,13,20,7,0,3,1,3,1,3,3,3,1,3,3,3,0,0,3,3,1,3,3,3,3
32,0,12,24,8,1,1,1,2,3,3,3,3,1,1,0,3,1,3,0,1,0,2,2,0,0
50,1,71,129,9,0,3,2,3,1,3,3,3,0,3,3,3,1,2,3,2,0,1,3,1,2
46,0,20,27,10,1,2,3,3,0,1,2,3,0,3,1,3,0,3,3,1,0,0,3,0,3
46,1,0,0,11,1,2,3,2,0,2,1,2,0,3,2,2,2,2,3,2,0,2,2,3,3
49,1,13,13,12,0,3,2,3,1,3,3,3,0,3,0,3,0,3,0,3,0,3,3,0,3
22,0,20,31,14,0,2,0,1,3,2,0,1,3,2,0,0,1,2,2,0,0,0,1,2,2
36,0,13,20,15,1,3,3,3,3,3,0,3,1,1,0,0,0,3,3,0,0,0,3,0,3
43,0,51,51,16,1,3,3,2,3,3,2,2,0,1,1,3,0,2,2,3,0,2,2,1,2
35,1,0,0,17,1,2,2,2,0,0,3,2,0,2,0,2,1,1,1,0,0,2,2,2,1
19,0,0,0,18,0,2,0,2,1,3,0,0,0,0,,2,3,3,2,0,3,0,0,0,0
40,0,1,1,19,0,0,0,3,1,2,3,2,0,3,3,0,0,1,3,2,0,0,3,2,2
52,1,9,24,20,1,1,3,3,0,2,3,3,0,3,3,3,1,1,3,2,0,3,3,3,2
37,0,23,23,21,0,3,2,1,1,2,2,1,2,3,1,3,2,3,3,1,1,0,2,3,1
35,0,26,26,22,1,0,2,3,1,3,2,3,3,3,1,3,0,0,1,2,1,0,1,1,3
18,0,0,0,23,1,1,3,1,3,0,0,1,3,0,2,3,3,2,1,2,2,0,0,1,0
36,0,34,34,24,0,1,2,3,1,2,3,1,1,3,3,2,0,1,1,0,0,1,1,1,1
28,0,4,5,25,0,1,0,0,1,2,0,0,1,2,3,3,0,2,3,0,1,0,2,0,1
19,1,6,8,27,0,2,0,1,3,2,0,3,3,2,0,3,1,3,0,0,3,0,1,0,0
30,0,3,3,28,1,0,0,3,0,0,3,0,0,3,0,3,0,0,3,0,0,0,3,0,0
27,0,7,7,30,1,1,0,1,2,0,3,2,0,0,1,3,0,1,0,3,0,0,0,1,1
24,0,24,48,31,0,2,0,1,3,1,1,0,1,2,1,3,1,0,2,0,0,0,2,0,2
47,0,0,0,32,1,2,2,3,0,2,2,2,1,3,3,3,0,2,3,1,0,0,2,3,3
45,0,20,20,33,0,3,3,3,1,3,3,3,2,2,2,3,1,3,3,1,2,2,2,1,2
18,0,3,3,34,0,1,0,1,3,3,1,1,3,0,0,3,3,3,3,0,3,0,1,1,0
11,0,6,6,35,1,0,0,1,3,1,0,2,3,0,1,3,1,0,0,0,3,0,0,0,1
26,0,0,0,36,1,0,2,1,1,2,2,1,2,1,1,2,1,1,1,1,2,1,1,1,2
29,0,0,0,37,1,3,0,0,3,1,3,0,0,3,2,3,0,0,3,0,1,0,3,0,0
34,0,32,135,38,1,1,1,2,1,3,1,1,1,0,2,1,1,2,2,3,1,0,2,2,3
37,0,2,24,39,0,1,0,3,1,3,3,1,2,3,3,3,0,2,3,0,1,1,3,0,0
23,0,3,3,40,0,1,1,0,3,1,1,2,0,1,1,3,0,2,0,0,1,0,1,0,1
41,0,27,27,42,0,2,0,3,0,2,3,2,1,3,1,2,1,2,3,3,1,0,3,2,1
21,0,3,7,43,0,2,2,1,3,2,1,1,3,1,1,1,2,2,2,0,1,0,1,0,1
16,0,24,36,44,1,1,0,0,3,3,1,0,2,0,0,2,3,2,0,3,1,0,0,1,0
36,0,6,12,45,1,2,3,3,0,3,2,0,0,2,1,3,0,0,1,0,0,1,2,0,1
17,0,0,0,46,0,2,0,0,0,2,0,0,2,0,0,3,3,0,1,2,3,3,0,0,0
36,0,13,13,47,1,3,2,3,1,2,2,1,1,3,2,1,1,1,2,0,1,1,2,2,1
19,0,25,28,49,0,0,0,1,3,2,0,3,3,2,1,3,2,0,0,2,3,0,0,3,1
5,1,6,13,50,1,0,1,0,3,0,0,0,2,0,0,0,3,0,0,0,0,0,0,0,0
25,0,13,61,51,0,3,1,2,0,0,2,3,1,0,1,0,2,1,2,0,1,1,1,0,0
36,0,15,26,52,1,3,1,1,1,0,3,1,1,1,1,3,0,2,1,1,0,2,3,2,1
27,0,7,7,53,0,0,3,1,2,1,1,2,1,1,2,1,1,2,2,0,0,1,1,0,1
44,0,9,15,54,1,1,1,3,0,0,3,1,3,3,3,1,0,3,3,1,0,3,3,3,3
29,0,5,13,56,1,2,1,1,3,1,1,1,2,2,2,2,1,1,3,3,0,1,1,0,1
46,1,13,20,57,1,2,1,3,0,1,3,0,0,3,3,2,1,1,3,1,0,3,3,3,3
16,0,34,34,58,0,0,2,1,3,1,0,3,3,0,0,3,3,0,0,3,3,1,1,0,1
44,0,3,6,59,1,3,2,1,1,2,3,2,0,3,3,3,0,3,2,1,0,1,3,0,1
42,0,37,43,60,0,0,0,1,0,1,2,2,0,3,2,2,0,3,3,2,0,1,3,2,3
30,0,36,36,61,1,2,1,1,3,0,2,0,2,3,2,2,1,2,3,2,1,1,2,0,2
25,0,13,15,62,0,1,0,2,3,2,1,3,1,2,0,1,2,2,3,1,3,0,2,0,2
26,0,3,19,63,0,1,3,2,3,2,1,0,1,2,1,0,0,2,3,0,3,3,1,0,0
29,1,3,6,65,1,1,0,0,0,1,3,2,0,2,1,2,0,0,1,0,0,1,2,0,1
33,1,0,0,66,0,0,1,3,2,3,3,1,0,1,1,2,2,2,1,1,0,3,3,0,0
28,0,32,32,67,1,1,1,2,3,1,1,1,1,2,2,2,2,3,2,1,1,0,2,1,1
33,0,35,42,68,0,1,2,3,2,3,3,2,3,3,2,3,0,1,3,0,1,0,1,0,0
44,0,20,20,69,0,2,1,3,0,1,2,3,1,2,2,3,0,1,3,2,0,0,3,2,3
29,0,7,25,70,0,1,0,3,2,0,3,1,2,2,2,1,1,1,3,3,1,0,2,1,0
57,1,59,164,71,1,3,3,3,0,3,3,0,0,3,3,3,0,3,3,3,0,3,3,3,3
26,0,0,0,72,1,0,1,2,3,0,1,0,2,2,0,3,1,3,3,3,1,1,1,1,0
31,0,26,51,73,1,1,2,3,0,1,2,1,0,3,0,1,1,0,1,1,0,0,1,1,2
30,1,12,18,74,0,0,1,1,2,1,2,1,2,2,2,1,1,2,2,1,2,3,3,2,1
43,1,0,0,75,0,2,2,3,2,3,3,2,1,3,3,3,0,2,3,0,1,2,3,0,1
28,0,18,36,76,1,2,1,3,3,3,2,3,3,0,1,3,1,1,2,1,3,0,2,1,1
29,0,6,12,78,0,1,0,2,3,2,3,2,3,3,2,0,2,1,3,2,1,0,2,1,2
32,0,13,17,80,0,0,0,3,3,1,3,3,0,3,3,3,0,0,3,0,2,0,3,0,0
30,0,5,5,81,1,1,0,3,2,1,2,2,1,3,1,0,2,2,2,2,2,1,1,3,1
34,0,2,2,82,0,3,0,3,1,3,3,2,3,3,1,0,1,0,0,3,3,3,2,1,3
49,0,102,102,83,0,2,3,3,1,3,3,2,2,2,3,3,0,1,3,1,1,3,3,3,3
36,0,0,0,84,1,0,0,3,2,2,3,3,2,3,3,0,1,2,2,2,1,1,3,2,1
42,0,21,21,85,0,1,2,3,1,3,3,3,2,1,3,3,1,3,3,1,2,1,3,1,2
40,0,6,8,86,1,1,1,3,3,0,3,2,1,2,2,3,0,2,2,3,0,1,3,2,2
29,0,1,1,87,1,1,2,3,0,2,1,0,0,2,0,1,0,0,1,0,0,0,2,1,1
31,0,19,19,88,0,2,3,1,3,2,2,0,2,0,3,1,2,1,1,3,0,1,3,3,0
10,0,1,22,89,1,0,0,1,3,0,1,0,2,2,0,0,1,0,2,0,3,0,1,0,0
37,1,2,2,90,0,2,2,2,1,1,2,3,2,3,3,3,2,1,1,1,2,2,2,2,2
32,0,0,0,91,1,1,0,2,1,2,2,2,1,2,2,0,1,2,2,1,1,1,2,2,1
16,0,26,47,93,0,0,2,0,3,1,1,1,3,2,0,2,2,1,1,1,2,0,0,0,2
15,0,0,0,94,1,0,1,1,3,2,0,2,2,2,0,2,1,0,1,0,3,0,1,0,0
4,0,9,19,95,1,0,1,0,3,0,0,1,3,1,0,0,3,0,1,0,3,0,0,0,0
30,0,10,10,96,0,1,3,3,3,2,1,1,0,1,1,1,1,3,3,0,1,0,1,1,1
44,0,4,5,97,1,3,2,3,0,3,3,3,1,3,3,3,0,0,3,0,0,,1,0,3
8,0,6,15,98,0,0,0,0,3,0,1,0,2,1,0,0,2,0,1,0,2,0,1,0,1
16,0,26,51,99,0,3,1,0,3,2,1,3,3,0,0,3,2,1,0,0,2,0,0,0,0
47,1,64,64,100,1,2,0,3,0,3,3,0,0,3,3,3,2,0,3,2,0,3,3,3,3
49,0,26,26,102,1,3,0,2,0,3,3,2,2,3,3,3,1,3,3,3,3,3,3,3,3
30,0,2,3,103,1,2,0,3,1,1,3,3,2,3,1,3,1,0,1,0,1,1,1,0,1
36,1,33,38,104,0,2,3,2,2,2,2,3,3,1,2,3,2,2,2,1,2,2,2,1,3
48,0,61,184,105,1,3,1,1,2,3,3,3,1,3,3,2,1,3,3,3,1,1,3,3,3
17,0,2,2,106,0,2,0,1,3,1,2,0,3,1,0,0,1,1,2,2,3,0,2,0,1
39,0,19,19,107,0,3,3,3,1,2,2,1,0,3,2,3,2,3,3,0,2,0,3,1,0
30,1,9,15,108,1,1,0,2,1,1,2,1,2,2,2,2,0,1,2,1,2,2,2,1,1
24,0,0,0,109,0,1,1,2,3,0,2,2,2,1,0,0,1,3,3,1,1,1,2,0,0
25,0,18,47,110,1,0,2,2,3,3,1,3,2,1,0,1,2,3,2,0,3,0,3,1,1
51,0,51,51,111,1,3,3,3,0,3,3,2,0,3,3,3,0,3,3,0,0,0,3,1,3
17,0,0,0,112,0,1,0,1,3,2,0,1,2,1,0,3,1,3,,0,3,0,1,0,1
37,0,36,66,113,0,2,2,0,3,3,3,2,2,3,3,3,2,2,2,2,1,0,2,3,1
45,0,31,91,114,0,0,3,3,0,3,3,3,0,3,2,3,2,1,2,1,1,3,3,1,2
28,0,0,0,115,1,2,2,1,1,0,1,1,0,2,1,0,0,1,1,1,0,0,2,1,1
17,0,26,69,116,1,1,0,1,2,2,1,2,2,1,0,1,2,1,1,0,2,0,1,0,1
23,0,2,20,117,0,1,2,1,0,3,0,0,0,0,0,2,0,0,0,1,2,1,1,1,0
39,1,0,0,118,1,1,0,3,3,3,3,3,3,3,3,2,2,2,3,2,2,2,3,2,2
38,0,51,51,119,0,1,1,3,0,0,3,2,1,2,2,1,1,1,3,1,1,0,3,3,3
53,1,34,34,120,1,3,3,1,2,3,3,3,0,3,3,3,0,2,3,1,0,3,3,3,3
26,1,39,95,121,0,0,0,0,3,0,2,1,3,2,0,3,2,2,3,2,2,3,3,3,0
47,0,19,26,122,1,3,0,3,0,1,2,0,0,3,3,3,0,3,3,3,0,0,3,2,3
49,0,13,13,123,0,2,3,3,0,3,3,3,3,3,0,3,0,3,3,2,0,1,3,2,3
34,0,0,0,124,1,2,2,3,1,3,2,2,2,0,1,3,0,2,3,2,2,0,1,0,1
51,1,0,0,125,0,2,0,3,0,2,3,3,0,3,3,3,0,2,3,0,0,3,3,3,3
33,0,13,13,126,0,0,1,2,2,1,3,3,3,2,2,2,1,1,2,3,3,2,2,2,2
58,1,1,1,127,1,3,3,3,0,3,3,3,0,3,3,3,0,3,3,2,0,3,3,2,3
28,0,22,22,128,1,3,1,3,2,1,3,3,2,0,1,3,2,1,1,0,3,0,1,1,3
4,0,13,33,129,1,1,0,0,3,0,0,0,3,0,0,0,3,0,1,1,2,0,0,0,0
15,1,26,26,131,1,3,0,0,3,1,1,1,3,0,1,1,1,0,0,0,1,1,1,0,1
40,0,19,30,132,0,2,2,2,1,3,3,3,2,2,1,2,1,2,3,1,0,0,3,0,3
33,0,26,26,133,0,0,2,0,3,0,2,1,0,2,2,3,0,3,3,3,0,0,3,0,0
35,1,13,13,134,0,2,3,2,3,2,3,2,2,1,3,2,2,1,3,0,1,2,3,0,2
28,0,3,3,135,1,0,1,1,1,1,2,1,2,3,3,2,1,1,2,1,1,0,1,1,1
21,0,24,24,136,1,0,0,2,1,2,0,1,0,1,0,0,1,0,2,1,0,0,2,0,0
33,0,0,0,137,1,1,1,3,1,1,3,1,3,0,0,3,3,3,3,0,0,2,3,1,3
26,1,0,0,138,1,1,1,1,3,0,1,1,3,1,1,3,1,1,3,1,2,3,3,1,1
45,0,53,53,140,0,3,2,3,1,2,3,2,2,2,2,3,1,2,3,2,1,3,3,2,1
45,1,7,7,141,1,3,2,2,3,2,3,3,2,2,3,3,1,1,3,3,0,3,3,1,2
31,0,25,25,142,0,3,0,3,0,1,2,2,2,3,3,0,3,3,2,1,3,0,2,2,0
28,1,15,0,143,0,1,0,2,2,2,3,2,2,0,2,0,2,3,1,2,2,2,1,1,2
22,0,64,179,144,1,0,1,1,3,1,1,1,2,2,1,3,1,1,2,0,2,0,2,1,1
39,0,4,4,148,0,1,2,1,1,3,3,3,1,0,0,3,0,1,3,0,1,3,3,1,3
31,0,3,6,149,1,1,0,2,1,2,2,1,0,3,1,0,1,1,3,1,0,1,2,0,1
48,1,2,2,150,1,3,1,3,1,3,3,3,0,3,3,3,0,1,3,0,1,3,3,0,3
48,0,13,13,151,0,3,2,2,3,3,3,3,0,2,2,3,1,0,3,3,1,3,3,3,3
34,0,20,51,152,0,0,2,2,1,1,2,2,1,2,2,3,2,2,2,3,2,0,2,1,2
35,1,1,3,153,1,0,1,2,1,0,3,2,1,1,3,3,0,1,2,2,2,1,2,2,2
46,0,38,0,154,1,3,1,3,1,3,3,0,0,3,2,3,0,1,2,2,0,0,3,3,3
34,0,8,8,156,0,1,1,2,3,1,1,1,1,3,3,3,1,1,3,1,1,1,1,2,3
10,0,0,0,158,1,0,0,0,3,0,0,3,2,1,0,0,3,1,1,3,3,0,0,0,0
31,0,13,13,160,0,1,0,2,1,2,1,1,1,2,2,2,0,2,2,0,1,0,2,1,2
34,0,39,39,163,1,1,2,1,1,3,3,3,2,1,3,3,3,1,1,1,2,2,2,1,2
26,0,12,20,164,0,3,1,2,1,0,2,1,2,1,1,1,1,2,2,0,1,0,2,0,1
15,1,0,0,166,0,1,0,1,2,1,0,1,3,1,0,0,1,0,1,0,1,2,1,0,1
48,0,0,0,167,1,2,3,3,1,3,2,1,2,3,3,2,1,3,3,3,0,2,2,2,3
37,0,1,1,168,0,3,0,3,0,3,3,2,1,3,3,0,1,2,1,0,2,0,3,0,3
20,0,19,32,169,0,0,0,1,3,2,2,1,2,2,1,1,0,1,2,1,3,0,1,1,0
38,0,0,0,170,0,3,3,2,1,3,3,2,0,3,0,2,0,0,3,0,0,0,0,0,3
39,0,26,51,172,1,3,1,2,0,2,2,1,0,2,2,3,1,2,2,1,1,1,2,2,1
46,0,19,0,173,1,3,3,3,2,3,3,3,1,3,3,3,1,3,3,3,3,2,2,0,1
17,0,3,6,174,0,1,0,1,3,3,2,3,3,1,0,3,3,0,0,0,3,1,1,0,1
6,0,1,1,177,1,0,0,0,3,0,0,2,2,0,1,0,3,0,0,1,3,0,1,0,0
18,0,12,17,178,0,2,0,1,3,2,0,0,0,0,0,3,2,2,1,0,1,0,0,0,1
29,1,29,29,179,1,1,0,2,3,3,3,2,2,3,2,1,2,,1,1,3,2,2,2,2
51,0,38,0,180,0,3,3,3,0,0,3,3,0,3,0,3,0,2,3,3,0,1,3,3,3
39,1,12,12,181,0,0,2,2,3,2,2,3,1,0,2,3,0,3,3,1,0,2,2,3,1
31,0,4,4,182,0,1,2,0,3,0,3,0,2,3,3,1,0,0,3,0,0,0,3,3,2
49,0,19,50,183,1,3,3,3,0,3,3,3,0,3,3,3,1,0,3,3,1,1,2,2,1
43,0,41,54,185,1,3,2,2,3,2,1,2,2,3,3,3,2,1,3,3,1,2,3,3,3
45,0,1,3,186,0,3,3,3,1,2,3,2,1,1,1,3,0,3,3,3,2,1,2,2,2
46,1,0,0,187,1,3,3,3,3,1,2,1,0,3,2,2,0,2,3,2,0,3,3,3,1
44,1,59,0,188,0,2,0,3,2,1,3,3,1,3,3,1,0,1,3,3,3,3,3,3,3
41,0,19,19,189,1,3,1,3,1,3,3,3,0,3,1,3,0,1,2,0,0,0,0,1,3
29,0,8,8,190,1,1,2,3,1,2,1,1,3,0,2,3,3,3,2,1,3,1,2,2,1
38,1,16,20,191,0,3,0,2,2,3,3,3,3,3,3,3,1,1,3,0,1,2,2,0,2
51,0,12,12,192,0,3,3,3,0,0,3,3,0,3,3,3,0,0,3,3,0,0,3,3,3
38,1,26,33,193,0,3,1,3,2,2,1,2,3,1,3,2,0,3,3,1,1,1,1,2,3
53,1,50,0,194,1,3,2,3,0,3,3,2,0,3,3,3,0,2,3,2,0,0,3,3,3
29,0,12,20,198,1,0,1,1,3,1,3,2,2,1,3,3,0,0,3,0,2,0,3,0,3
31,0,1,3,199,1,0,3,1,2,2,2,1,0,0,0,3,0,1,3,2,0,0,2,0,1
57,1,13,32,200,0,2,1,3,0,3,3,3,0,3,3,3,0,3,3,3,0,3,3,3,3
38,0,10,13,201,0,1,2,3,2,1,2,2,1,3,1,3,1,0,3,2,2,2,3,2,2
39,0,3,24,202,1,1,1,2,2,3,3,3,0,3,1,2,0,2,2,1,1,0,3,1,2
43,1,20,20,203,1,1,3,3,1,3,3,3,3,2,2,3,0,1,3,1,0,3,3,0,1
19,1,19,26,204,0,1,1,1,1,1,1,0,1,1,1,1,2,1,1,0,1,0,1,0,1
23,0,6,12,206,1,2,1,2,3,1,3,1,2,1,0,2,1,2,0,0,2,0,2,1,1
44,0,102,0,208,1,1,2,3,0,3,3,,2,3,3,3,0,3,3,0,3,3,3,3,1
12,0,1,4,209,0,0,0,0,0,0,0,0,0,0,0,0,0,0,0,0,0,0,0,0,0
35,0,0,0,210,1,1,2,0,0,3,1,2,3,3,3,3,2,1,2,1,3,3,3,2,1
47,0,58,58,211,0,2,1,2,0,1,3,1,1,3,3,3,0,3,3,3,1,1,3,2,3
53,0,9,9,212,1,3,3,3,1,3,3,3,0,3,3,3,0,2,3,1,0,2,3,1,3
34,1,0,0,213,0,0,3,2,1,3,3,1,2,1,3,3,1,0,3,1,3,2,3,1,0
15,0,35,65,214,1,1,1,0,1,1,0,3,3,1,0,0,1,1,0,1,1,0,0,0,0
31,0,33,51,215,1,2,2,1,1,1,2,1,1,2,0,3,1,1,1,2,2,0,2,2,2
27,0,19,19,217,0,3,3,3,3,3,2,3,3,1,1,3,1,0,1,0,3,0,1,0,1
36,1,58,58,219,1,2,3,1,3,3,3,3,1,1,3,3,3,0,0,2,3,3,3,2,2
24,1,32,38,220,0,3,3,2,3,0,1,3,3,1,1,3,1,1,3,0,3,0,1,0,0
54,1,0,0,221,0,3,3,3,1,3,3,3,2,3,3,3,0,3,3,2,0,3,3,1,3
31,0,0,0,222,1,1,2,1,1,2,2,2,1,3,1,0,1,1,2,2,1,1,1,0,2
22,0,6,6,223,1,0,0,1,3,3,2,2,2,1,1,2,1,1,3,0,2,0,1,0,1
41,1,0,0,224,0,3,2,2,0,2,3,3,3,2,2,2,2,2,3,2,0,0,3,1,2
23,0,18,0,225,0,1,0,3,3,2,3,0,3,3,3,0,2,0,2,2,3,1,0,0,2
18,1,0,0,226,0,0,2,1,3,1,1,1,2,2,0,0,2,0,2,2,2,1,1,0,1
60,1,38,38,228,1,3,3,3,0,3,3,3,0,3,3,3,0,3,3,3,0,3,3,3,3
34,1,13,13,229,0,0,3,3,2,3,3,0,3,0,3,3,0,0,3,0,0,3,3,0,0
26,0,0,0,230,1,2,0,2,3,0,2,3,3,2,2,3,2,2,3,1,2,0,2,0,0
40,0,46,46,231,0,3,0,3,0,2,3,3,1,3,3,2,1,2,2,0,1,0,3,0,2
40,0,27,30,232,1,3,3,2,1,3,3,2,1,1,1,3,1,3,2,2,3,0,2,2,2
1,0,3,3,233,0,1,0,0,3,0,0,0,3,0,0,0,3,0,0,0,3,0,0,0,0
41,0,12,12,235,0,2,3,3,1,3,3,3,0,3,0,3,0,1,3,0,0,0,2,0,1
38,1,16,26,236,1,0,1,1,0,2,3,1,0,3,2,3,1,1,3,0,1,3,3,1,1
37,1,1,6,237,1,2,1,1,0,1,3,0,0,3,0,2,0,3,3,0,3,2,2,2,3
16,0,26,26,238,0,2,1,1,1,1,1,0,0,0,1,1,2,0,1,0,3,0,0,0,1
33,0,23,92,239,1,1,2,3,3,3,2,0,3,3,2,3,3,3,2,2,1,0,3,2,0
4,0,13,13,240,0,0,0,0,3,0,0,3,3,0,0,0,3,1,0,0,3,0,0,0,0
24,1,0,0,241,0,3,1,1,0,0,0,2,0,0,0,2,3,0,3,0,3,3,3,0,0
34,1,4,4,242,0,1,3,2,0,2,3,1,2,2,1,0,2,2,3,2,2,1,2,2,1
40,0,26,0,243,1,2,1,3,2,2,3,3,1,3,2,0,1,2,3,1,2,3,3,2,1
39,0,13,13,245,1,0,0,2,0,2,2,2,0,1,0,3,3,3,3,3,0,0,3,3,3
32,0,13,13,246,1,2,2,2,1,1,2,2,1,1,1,2,0,1,2,0,1,2,2,0,1
40,1,10,14,247,0,1,2,3,3,2,3,3,1,2,3,3,1,2,2,0,1,2,2,1,3
51,0,23,42,248,0,0,0,3,0,3,3,3,0,3,3,3,0,3,3,3,0,1,3,3,2
39,1,42,48,249,0,3,3,3,1,1,2,3,0,0,1,3,1,1,3,1,1,1,1,3,1
40,0,15,0,250,1,2,0,3,0,2,3,2,1,3,3,1,1,1,2,1,1,2,2,1,3
22,0,19,20,253,1,1,2,1,1,1,1,1,2,2,2,1,1,0,1,1,3,0,1,1,1
42,1,0,0,254,1,3,3,3,2,3,3,3,2,3,3,3,2,0,3,0,2,3,3,2,0
13,1,13,13,255,0,0,2,1,3,0,0,2,3,0,0,3,3,3,0,0,3,1,1,0,0
49,0,2,3,256,0,3,3,3,0,3,3,2,3,3,2,3,0,2,3,1,0,1,3,2,3
35,0,13,26,257,0,1,1,2,2,2,2,2,1,2,2,1,0,2,3,1,0,0,2,1,2
43,0,14,16,258,1,2,3,3,3,2,3,2,3,2,3,1,0,3,3,2,0,2,3,2,1
27,0,51,51,259,0,0,2,0,1,1,2,3,0,2,0,3,1,2,1,0,1,0,1,0,1
40,0,10,26,260,1,1,1,1,0,3,3,0,1,3,3,1,0,3,3,1,0,1,3,1,1
38,0,16,16,261,0,2,1,3,3,3,3,3,1,2,2,2,1,1,1,1,1,2,2,2,2
39,0,102,102,262,1,2,3,1,1,1,3,3,1,3,1,3,1,3,3,0,2,1,3,1,1
30,1,1,2,264,1,0,2,3,1,2,3,1,2,2,2,3,2,2,0,2,2,1,1,0,1
35,0,6,20,265,1,3,0,3,1,1,3,1,0,1,1,3,0,1,3,0,1,1,3,0,1
34,0,27,27,268,0,3,0,3,2,1,1,1,1,1,1,3,1,1,2,3,0,1,1,3,1
19,1,4,4,269,0,2,0,2,3,1,2,2,2,1,0,2,1,1,1,0,3,1,1,0,0
39,0,27,41,270,1,3,2,3,2,3,3,1,3,3,,3,1,1,3,2,1,0,2,2,3
36,1,1,1,272,0,1,1,2,2,0,1,2,2,3,3,2,1,3,3,3,3,2,3,1,2
58,0,54,73,273,0,3,3,3,0,3,3,3,0,3,3,3,0,3,3,2,0,2,3,3,3
38,0,24,36,274,1,3,3,2,0,1,3,1,2,3,0,3,0,3,3,0,1,1,2,0,1
22,1,10,20,275,1,2,1,2,3,1,1,3,3,2,1,3,3,0,0,1,3,2,2,1,0
46,0,30,41,276,0,2,2,3,0,2,3,3,0,2,3,0,0,2,3,3,0,1,2,2,1
31,0,43,43,277,1,3,2,1,0,1,3,1,2,0,2,3,2,3,2,0,3,1,2,0,2
11,0,2,2,278,0,0,0,1,0,0,0,0,1,1,0,2,3,0,0,0,3,0,1,0,1
32,0,16,16,279,0,1,2,2,1,2,2,2,1,2,1,3,1,2,2,1,1,0,1,0,1
33,0,3,3,280,1,1,2,2,3,2,3,2,3,3,2,2,3,3,2,2,3,0,2,3,2
39,0,34,51,283,0,2,3,3,1,3,3,3,3,0,1,3,0,0,3,1,1,1,3,0,3
33,1,8,8,284,1,3,1,2,2,2,1,1,3,3,3,2,0,1,1,2,0,1,1,1,1
27,0,28,28,285,1,3,1,0,3,2,3,1,1,3,0,3,2,0,2,1,3,0,2,0,3
43,0,13,13,287,0,3,2,3,3,2,3,2,1,2,2,3,1,1,3,0,0,3,3,2,2
30,0,51,51,288,1,1,1,3,1,1,1,1,3,3,3,3,1,1,1,1,1,1,1,1,1
12,0,134,140,289,1,0,1,0,3,1,0,1,3,2,2,0,3,2,0,0,3,1,1,1,0
42,0,5,6,290,0,0,3,3,3,3,0,3,3,3,1,3,0,3,3,2,3,3,3,3,3
31,0,5,5,291,1,3,1,2,0,0,1,3,1,3,2,1,1,0,1,1,1,1,1,1,1
40,0,3,3,292,0,3,0,1,0,1,2,3,2,0,1,3,0,2,3,1,0,3,3,3,1
17,0,0,0,293,0,1,0,1,1,1,1,0,0,1,0,0,1,1,0,0,1,0,1,0,1
44,0,26,26,294,0,1,3,3,3,3,1,3,1,3,3,3,1,1,3,1,2,2,3,3,3
15,0,15,30,295,1,2,0,1,2,0,1,0,3,0,2,3,3,2,2,0,3,0,1,0,0
41,0,9,20,296,1,2,3,3,2,3,3,3,2,1,3,3,1,3,2,1,0,0,2,0,2
51,0,10,15,297,0,3,1,3,0,2,2,3,0,3,2,3,2,3,3,3,2,3,3,3,3
24,0,0,0,298,0,0,0,3,3,1,3,3,3,1,1,3,1,2,1,1,3,1,1,1,0
29,0,24,45,299,1,1,1,1,0,1,1,1,0,1,1,1,0,1,1,2,0,1,1,1,1
40,0,33,51,300,1,3,0,2,1,2,3,3,1,3,0,2,1,3,3,1,1,0,3,2,2
33,0,0,0,302,0,2,3,1,2,0,2,1,0,3,1,1,1,1,3,2,1,1,3,0,1
51,1,8,13,304,1,3,3,3,1,3,3,3,2,3,3,3,1,2,3,3,0,3,2,0,3
30,1,27,33,306,1,1,0,3,1,2,2,1,2,2,1,2,2,3,2,1,3,2,2,1,1
46,0,0,0,307,1,0,3,2,3,3,1,2,0,3,3,3,0,1,1,3,0,3,3,3,3
38,1,0,0,308,0,3,2,1,2,3,3,1,0,1,2,3,0,1,2,2,1,1,1,1,2
42,0,3,3,309,1,2,3,1,3,3,3,3,3,3,3,3,0,1,2,3,3,3,3,0,3
17,0,14,20,310,1,2,1,1,3,0,1,1,2,0,1,2,2,1,2,0,2,0,1,0,1
22,0,12,12,311,0,2,2,1,1,0,1,1,2,2,0,1,1,2,1,1,2,0,1,0,1
37,1,1,1,313,0,2,1,3,0,3,3,2,0,1,1,2,1,1,2,2,1,0,1,1,2
11,0,0,0,315,1,1,0,1,3,0,1,0,3,1,0,2,3,1,2,0,2,0,1,0,0
56,1,1,1,316,1,3,3,3,0,3,3,3,0,3,1,3,0,1,3,3,0,3,3,3,3
14,0,0,0,317,1,1,1,0,2,1,0,0,3,1,1,0,1,1,2,1,3,0,1,0,1
26,0,25,33,318,0,3,1,1,2,1,2,0,3,3,2,0,1,1,0,2,2,0,1,2,3
36,0,42,57,319,0,2,2,3,2,2,3,3,3,3,0,3,2,2,3,0,3,3,3,0,2
41,1,2,2,320,1,1,1,3,0,0,3,0,0,3,3,2,0,3,3,1,0,3,3,0,0
18,0,6,6,322,1,1,0,1,3,0,1,3,3,1,1,1,2,2,1,0,3,2,2,1,0
19,0,19,19,323,0,0,1,1,3,3,2,3,3,0,0,1,3,3,3,0,3,0,2,0,0
48,1,29,58,324,1,3,3,3,0,0,3,3,3,3,2,1,0,0,3,3,0,3,3,3,3
45,1,0,0,325,1,3,3,3,1,3,3,3,1,3,3,3,0,0,3,3,1,0,1,1,1
44,0,0,0,326,0,3,3,2,3,3,3,2,0,3,1,2,1,1,3,3,0,1,1,2,3
52,1,0,0,327,1,3,3,3,0,3,3,3,0,3,0,3,0,3,3,3,0,1,1,3,2
19,0,22,32,328,0,1,0,0,2,0,2,1,3,1,2,1,1,1,3,0,1,0,1,0,1
9,0,19,19,329,1,0,0,0,3,0,0,3,3,1,0,1,3,0,1,0,2,0,1,1,0
55,0,13,19,331,0,2,3,3,0,2,3,2,0,3,3,3,2,3,3,3,0,3,3,3,3
18,0,1,1,332,1,2,0,0,1,1,1,1,2,3,2,1,1,0,1,0,3,0,1,0,0
45,1,67,67,333,0,2,2,3,2,3,3,0,1,2,2,3,1,1,3,3,1,3,3,3,2
12,0,13,13,334,0,1,0,0,3,0,0,3,2,3,1,1,2,1,0,0,3,0,0,0,0
33,0,20,20,335,1,3,2,3,1,0,0,1,0,1,0,3,2,1,3,0,1,2,3,0,3
32,0,0,0,336,1,3,2,3,3,1,1,3,3,1,1,3,3,1,3,3,3,0,3,3,1
20,0,3,9,337,1,1,0,0,3,1,2,2,1,2,0,0,1,1,2,0,2,0,1,0,3
37,0,142,0,338,0,2,3,1,2,3,1,0,0,1,2,3,1,3,3,0,1,2,2,1,2
39,1,53,53,339,0,2,0,3,1,3,3,0,0,0,3,2,1,0,1,2,0,3,3,2,2
43,0,64,64,341,0,3,2,3,0,2,3,2,1,3,0,1,0,0,3,2,1,3,3,1,2
51,1,0,0,342,1,3,2,3,3,3,3,0,0,3,2,2,0,3,3,3,0,3,3,3,3
27,0,2,2,343,0,2,2,3,2,1,2,0,3,2,0,0,0,1,3,2,2,0,1,2,1
40,0,51,0,346,1,3,1,3,3,3,3,2,1,3,2,2,1,3,3,2,2,2,1,1,1
8,0,1,1,347,1,1,2,0,3,0,1,0,3,1,0,0,2,0,0,0,2,0,0,0,1
54,0,24,30,348,0,3,3,3,0,3,3,3,0,3,3,3,2,0,3,3,1,3,3,3,3
35,0,35,35,350,0,1,1,2,1,0,2,2,2,3,3,3,2,2,2,2,1,0,1,2,3
58,1,67,80,351,0,3,3,3,0,2,3,3,0,3,3,3,0,3,3,2,0,3,3,3,3
50,0,0,0,352,1,3,3,3,1,3,3,3,1,3,2,3,0,3,3,3,2,1,3,1,2
55,0,13,26,353,0,3,3,3,0,3,3,2,0,3,3,3,1,3,3,0,0,3,3,3,3
19,1,6,6,354,1,0,0,1,2,1,3,3,3,0,0,0,1,0,3,0,1,1,1,1,0
37,0,12,12,355,1,2,3,2,0,2,3,2,1,1,0,3,2,0,2,1,0,0,3,2,2
20,0,7,7,356,0,2,1,3,3,0,1,3,3,0,1,2,0,0,0,0,2,0,2,1,0
40,0,26,26,357,1,1,2,3,1,1,3,1,1,3,3,3,1,2,3,1,1,0,1,3,2
37,0,41,56,359,1,2,3,3,1,2,2,1,3,2,2,3,2,1,3,2,1,0,1,3,2
43,0,3,3,360,0,2,2,2,1,3,2,2,1,3,2,2,1,3,3,3,2,1,2,2,2
8,0,18,31,361,1,1,0,0,3,0,0,0,3,0,0,1,3,3,1,0,3,0,1,0,1
56,0,38,55,362,0,2,2,3,0,3,3,3,0,3,3,3,0,2,3,3,0,2,3,3,3
51,0,12,15,363,0,3,1,3,1,3,3,3,1,3,2,2,0,1,3,2,0,3,3,3,3
7,1,26,26,364,1,0,0,0,0,0,0,0,2,0,0,0,3,3,0,0,3,0,0,0,0
36,0,4,4,365,0,0,1,3,2,3,3,3,3,2,3,3,0,1,1,0,0,3,3,0,0
49,0,32,32,366,1,2,3,3,2,2,3,2,1,2,2,2,0,3,3,3,1,2,3,3,3
54,1,13,13,367,1,3,3,3,0,3,3,3,3,3,3,3,0,3,3,3,3,3,3,3,3
53,0,34,102,368,0,3,3,3,1,3,3,3,0,3,3,3,2,3,3,1,1,2,3,3,3
15,0,38,51,369,1,0,1,0,3,3,0,1,3,1,0,3,3,3,0,2,3,0,0,0,1
53,1,0,0,370,0,2,0,3,0,3,3,3,0,3,3,3,1,2,2,3,0,3,3,3,3
6,0,13,13,371,1,0,0,0,3,1,0,0,3,0,0,1,3,2,2,0,3,0,0,0,0
54,1,0,0,372,0,2,3,2,0,3,3,3,0,3,3,3,0,3,3,2,0,0,3,3,3
42,1,3,3,374,0,3,1,3,1,3,3,0,1,3,1,3,0,1,2,1,1,0,3,3,3
31,0,49,49,376,1,0,1,1,2,2,3,2,3,3,3,2,1,1,1,1,1,1,2,2,1
40,0,18,36,377,0,1,0,2,0,1,3,2,1,3,2,2,0,1,3,2,0,0,2,2,3
37,0,0,0,378,1,1,2,2,1,0,2,2,3,3,2,2,0,0,3,2,0,2,2,2,2
36,1,58,58,379,0,2,1,2,0,1,2,2,0,1,1,3,1,1,3,0,1,3,3,0,1
40,0,2,2,380,1,2,2,3,1,2,3,2,1,3,2,1,2,1,2,1,0,3,2,1,2
41,0,6,13,381,1,2,2,2,2,2,3,2,1,2,1,2,1,2,3,2,0,2,3,2,1
39,0,6,13,382,1,3,0,1,3,0,3,1,1,3,3,3,0,3,3,3,3,3,3,1,1
38,0,10,10,383,0,1,2,3,1,1,1,1,2,2,2,2,0,3,2,2,1,2,2,2,2
38,0,0,0,385,1,1,2,3,1,2,3,3,1,0,0,0,1,1,2,3,0,0,3,3,3
9,0,6,20,386,0,0,1,0,3,0,1,0,3,1,0,1,3,2,2,0,3,0,1,0,0
36,0,6,6,387,1,1,1,1,1,3,0,1,1,3,2,2,1,2,2,2,1,2,2,2,2
27,0,0,0,388,0,2,1,3,2,2,1,1,2,1,0,0,2,3,3,1,1,0,1,3,0
26,0,32,32,389,1,1,1,1,3,3,3,3,3,3,0,1,1,3,0,3,3,0,1,0,1
52,1,6,6,391,1,3,1,3,0,2,3,3,0,3,3,3,0,1,3,2,0,3,3,1,3
24,0,3,12,392,0,1,0,1,2,2,1,1,2,2,1,0,2,2,1,2,1,1,2,2,0
16,0,6,6,394,1,1,0,0,1,1,1,0,3,1,2,0,2,0,2,0,2,0,1,3,0
34,0,0,0,395,1,3,2,2,2,3,3,2,3,3,2,2,1,0,1,1,0,0,3,1,0
46,0,25,25,399,1,3,3,3,1,2,3,3,0,3,0,3,0,0,3,1,0,2,3,2,1
24,0,13,26,400,0,2,2,1,3,1,2,2,2,1,1,1,3,2,2,1,3,0,2,1,2
25,0,18,18,401,0,1,0,1,0,2,2,1,1,1,0,1,0,1,0,0,1,1,1,1,2
40,1,13,26,402,1,3,1,3,1,3,3,1,3,3,3,2,0,3,3,0,2,3,3,0,0
33,1,0,0,403,0,3,1,0,0,0,2,1,0,1,1,3,0,1,3,0,0,0,3,1,1
31,0,2,2,404,1,2,0,2,2,2,2,2,1,1,1,1,0,0,0,1,0,2,2,2,2
37,0,26,38,405,0,1,3,1,3,1,3,3,1,1,1,3,1,2,2,2,1,1,2,2,3
28,0,5,25,406,1,1,0,2,2,1,1,1,2,1,2,1,0,1,3,2,1,1,1,1,2
27,0,10,23,407,1,2,1,3,3,0,2,2,3,2,0,2,1,2,3,1,1,0,2,0,1
6,0,0,0,408,0,0,0,0,3,2,0,0,3,1,0,0,3,1,1,0,3,0,1,0,0
21,0,4,4,409,0,1,2,1,3,1,1,2,2,0,1,2,0,0,1,1,1,0,1,0,1
29,0,29,85,411,1,2,0,3,1,2,2,0,1,2,2,0,0,1,1,2,0,0,1,0,1
23,0,20,20,413,0,3,2,0,2,0,0,1,1,2,1,1,1,3,0,1,1,0,0,1,1
35,0,3,12,415,1,0,0,3,2,0,3,3,2,0,2,3,0,1,3,3,0,0,3,3,0
55,0,6,12,416,0,3,1,3,0,3,3,3,0,3,3,3,0,3,3,3,0,1,3,2,3
3,0,13,13,418,0,0,0,0,3,0,0,0,0,0,0,0,3,0,0,0,3,0,0,0,0
36,0,36,36,419,1,1,1,3,0,2,1,1,1,3,3,2,0,2,1,1,1,0,2,2,1
40,0,18,18,420,0,3,2,2,2,3,3,3,2,2,1,3,1,2,2,3,3,0,2,2,3
29,1,0,0,421,1,3,2,2,3,0,1,1,1,3,0,2,2,2,2,0,0,1,1,3,0
28,0,45,0,422,0,3,1,2,3,2,1,3,3,2,1,1,3,1,0,3,2,1,3,0,3
21,0,13,13,423,1,0,0,2,1,2,1,1,1,1,0,0,2,1,2,1,2,1,1,1,1
34,0,4,10,424,0,1,1,3,0,2,2,2,1,3,2,1,2,1,1,2,1,1,1,1,2
42,0,6,26,425,0,3,3,2,1,2,3,2,0,3,2,2,0,1,3,0,1,3,0,1,2
23,0,6,6,428,0,2,1,3,1,1,2,3,3,1,1,2,3,1,0,0,3,0,1,1,2
36,0,25,42,430,0,3,1,2,0,3,2,0,3,1,0,3,3,3,0,3,3,3,3,3,3
32,1,21,21,431,0,3,0,1,0,0,2,3,3,0,0,0,1,3,3,3,2,3,3,0,2
30,0,13,13,432,1,3,2,2,3,1,0,0,0,3,3,3,0,0,2,1,2,1,1,0,1
25,0,37,37,433,1,0,1,1,3,1,1,1,3,2,3,3,2,1,1,3,1,2,1,0,1
35,0,25,25,435,0,1,2,3,0,2,2,2,2,3,3,3,1,1,1,1,2,1,1,0,2
23,0,38,38,436,1,0,0,0,3,2,1,2,1,2,2,2,1,1,1,2,1,0,1,0,1
16,0,12,29,437,0,1,0,1,0,2,1,1,3,0,0,1,3,2,1,0,3,0,0,1,2
27,0,6,24,438,1,0,2,2,2,2,1,2,3,1,1,3,2,1,2,2,3,1,1,2,2
14,0,6,6,440,1,2,2,0,3,2,0,1,2,2,0,1,2,1,1,0,3,0,0,0,0
44,0,0,0,441,0,2,3,3,0,2,3,2,0,3,3,3,0,0,2,0,0,0,3,0,3
52,1,0,0,442,1,3,3,3,0,1,3,3,3,3,3,3,0,1,3,2,0,3,3,3,3
48,0,8,8,443,1,1,2,2,1,2,3,3,2,3,2,3,1,3,3,3,1,3,3,2,3
11,0,32,32,444,0,0,0,0,3,1,1,1,1,0,0,0,1,1,1,0,1,0,0,0,0
41,1,24,51,445,0,0,0,3,3,2,3,2,1,3,3,2,1,1,3,3,1,2,3,3,2
41,0,51,51,447,0,0,1,2,0,3,3,3,0,0,1,1,0,3,3,0,3,3,3,3,3
37,0,35,35,448,1,0,2,3,1,1,3,3,2,3,1,3,1,2,3,1,3,2,3,1,1
31,0,73,73,449,0,3,1,3,1,0,3,3,3,3,1,3,1,0,1,1,3,0,1,2,2
34,0,9,31,452,1,2,3,2,2,2,2,2,0,2,1,3,1,1,1,1,1,0,1,1,2
40,0,51,0,457,1,2,2,2,1,2,3,2,1,3,2,3,1,1,2,2,1,1,1,2,2
37,0,6,8,458,0,3,1,3,3,2,3,3,1,3,0,3,2,3,0,3,3,0,3,3,1
30,0,6,16,459,1,1,2,1,2,1,3,1,2,1,2,2,2,3,1,0,2,2,1,2,3
42,1,6,13,461,1,3,1,3,0,1,3,1,0,3,3,3,2,1,1,2,1,2,2,2,2
51,0,2,3,464,1,2,3,3,0,1,3,2,0,3,3,3,2,3,3,3,0,1,3,2,3
42,1,26,41,465,1,2,1,3,1,3,3,3,1,3,3,2,1,3,3,0,1,0,3,0,2
15,1,0,0,466,1,0,0,0,0,0,1,0,0,1,1,0,1,0,1,0,0,0,0,0,0
12,0,1,1,467,0,0,1,1,3,1,1,0,2,1,0,1,1,0,1,0,2,0,1,0,0
39,0,49,109,468,0,3,0,3,0,3,3,2,1,0,3,3,2,2,2,2,3,2,3,1,1
10,0,19,25,469,1,0,0,0,3,0,0,0,1,1,0,0,2,2,0,1,2,0,1,1,0
33,1,3,16,470,0,3,2,3,1,1,1,0,3,2,2,2,3,1,1,2,3,3,3,2,3
57,0,38,51,13,0,3,3,3,0,3,3,3,0,3,3,3,0,3,3,2,0,1,3,3,3
17,0,26,40,26,1,1,2,1,3,2,1,1,2,0,1,2,2,0,1,0,3,1,1,0,1
20,0,83,145,29,0,2,1,1,2,1,1,1,3,2,0,2,2,1,1,0,2,1,2,0,1
49,0,32,40,48,0,3,2,3,0,3,3,3,0,3,3,2,0,3,2,0,2,2,3,1,3
23,1,19,19,55,0,2,0,1,3,1,2,2,3,0,1,1,0,2,1,1,2,1,1,2,1
26,0,30,101,64,1,1,1,2,3,1,2,2,3,2,2,2,3,1,3,0,1,0,3,1,1
28,0,42,42,130,0,3,2,1,2,2,1,2,1,0,1,3,1,2,1,0,3,1,2,0,2
3,1,1,1,139,0,0,0,0,3,0,0,3,3,0,0,0,3,0,0,0,3,0,0,0,0
18,0,18,26,145,1,1,0,1,1,1,1,2,1,1,0,0,1,0,1,0,1,0,1,0,1
39,0,35,105,146,0,3,1,3,1,3,3,1,1,1,1,3,0,3,1,2,3,0,3,1,3
51,0,20,20,147,1,3,3,3,0,3,0,0,0,3,3,3,0,1,3,3,1,3,3,3,3
39,1,0,0,155,0,2,0,3,1,2,3,3,3,3,3,3,0,2,0,2,3,3,3,0,2
47,1,11,14,157,0,1,0,3,2,3,3,0,0,3,3,3,0,0,3,3,0,3,3,3,3
45,0,26,26,159,1,0,3,3,0,1,3,1,3,3,3,3,2,2,3,1,0,3,3,3,3
28,0,43,54,161,1,3,3,0,3,2,1,2,2,1,2,3,3,0,1,3,3,0,1,3,2
41,1,19,26,162,0,3,2,3,0,3,3,2,2,2,0,2,1,3,3,0,2,3,3,1,1
31,0,1,2,165,1,1,0,3,1,1,1,1,1,3,3,3,1,2,3,1,2,0,1,1,0
34,1,13,26,171,1,2,1,1,1,3,2,2,1,2,2,1,1,1,1,1,2,2,3,1,2
21,0,51,0,175,1,1,3,2,3,1,2,0,1,1,1,2,0,0,0,0,0,0,0,0,0
41,0,24,48,176,0,1,2,2,0,3,2,1,0,3,0,3,0,2,3,0,0,0,2,2,3
38,0,13,13,184,1,2,3,2,0,2,3,3,3,3,1,3,1,0,3,0,1,1,3,1,1
36,0,20,26,195,0,3,2,3,1,0,3,2,2,3,3,1,0,3,3,0,2,0,3,0,0
24,0,26,26,197,0,1,0,0,1,0,1,1,0,2,2,2,2,1,2,0,2,2,2,1,0
10,0,8,18,205,0,2,1,0,3,2,2,0,3,0,0,1,3,0,0,0,3,0,2,0,0
41,0,61,61,207,0,2,3,2,3,2,3,2,0,1,2,2,0,2,3,1,1,2,3,1,2
51,0,13,19,216,0,3,3,3,0,2,3,3,0,3,1,3,0,3,3,3,1,0,3,1,3
45,0,28,37,218,1,3,3,3,0,1,1,1,0,3,2,2,0,1,3,2,0,1,3,2,2
29,0,6,7,227,1,2,0,1,3,0,3,3,1,1,0,0,0,0,0,3,0,0,3,3,2
56,0,10,10,234,1,3,3,3,0,2,3,3,0,3,3,3,0,3,3,3,0,0,3,3,3
34,0,0,0,244,1,1,2,2,2,1,2,3,1,2,3,3,1,1,3,0,2,0,3,0,2
4,0,4,10,251,1,0,0,0,3,0,0,0,3,0,0,1,2,0,1,0,2,0,0,0,0
32,0,25,37,252,0,2,1,2,2,1,2,2,2,2,2,2,1,2,2,2,1,1,1,1,1
38,0,2,2,263,0,3,3,3,2,2,2,1,2,3,2,2,2,2,3,2,0,1,1,1,1
26,0,26,26,266,1,0,1,0,3,0,3,3,3,1,1,3,1,3,3,1,1,0,1,1,1
27,0,24,24,267,0,1,0,3,2,1,2,2,2,0,1,2,2,1,2,2,1,0,2,1,2
21,0,0,0,271,1,2,1,1,3,1,1,2,3,2,1,2,2,1,2,1,2,0,1,1,0
30,0,13,13,281,1,0,1,2,3,0,1,1,3,3,2,1,0,3,3,1,0,0,1,3,2
7,0,12,12,282,0,0,1,0,3,0,1,3,3,0,0,1,3,0,0,0,3,0,1,0,0
35,0,12,30,301,0,0,0,0,0,3,2,3,0,3,3,1,1,2,2,0,1,0,2,2,2
23,1,4,4,303,1,1,0,1,1,1,2,1,0,0,0,3,1,1,2,0,1,0,1,0,1
36,0,12,18,305,0,1,1,2,1,3,2,2,3,2,2,3,0,3,2,0,2,2,2,2,1
15,0,3,3,312,0,0,0,1,0,0,0,0,2,0,1,0,1,2,1,0,1,0,2,0,0
48,0,51,69,314,0,3,2,3,2,3,3,3,2,3,3,3,1,3,3,3,1,0,3,1,3
31,0,5,5,321,0,2,1,2,0,2,2,3,3,2,0,1,2,0,2,1,2,2,2,2,2
54,0,68,0,330,0,3,3,3,0,3,3,0,0,3,3,3,0,2,3,1,0,3,3,3,3
21,0,29,29,340,1,0,0,0,0,0,2,1,1,2,1,1,2,1,1,0,1,1,2,0,1
21,1,26,26,345,0,1,1,0,2,0,0,1,1,0,0,0,0,1,0,0,0,3,3,2,0
29,1,7,8,349,1,1,2,0,0,0,3,0,1,3,2,3,2,0,2,0,1,2,2,0,1
23,0,5,5,373,1,2,0,2,1,2,2,2,1,1,1,0,0,0,1,0,2,0,1,0,1
33,0,32,32,390,0,1,1,2,1,1,2,2,2,2,2,2,1,1,2,2,2,1,2,2,2
14,0,0,0,393,0,0,0,0,2,2,0,2,0,1,0,0,3,1,0,0,3,0,1,3,0
27,0,76,78,396,0,3,1,3,3,0,1,0,1,0,0,3,0,3,3,0,0,0,1,0,1
24,0,26,26,397,0,1,0,2,2,2,2,1,0,1,0,0,1,1,1,1,0,0,1,1,1
33,0,41,62,398,1,0,1,3,3,2,1,3,3,2,3,3,0,0,3,0,0,0,3,1,2
25,0,18,0,410,1,1,2,1,3,3,1,0,0,0,0,3,1,2,3,3,3,0,1,0,0
37,0,22,30,412,0,3,3,3,3,2,2,2,3,2,2,3,1,1,1,3,3,2,2,2,2
47,0,53,63,417,1,3,3,3,3,3,3,3,3,3,3,3,2,3,2,2,3,3,3,3,3
40,1,26,32,427,1,1,2,1,2,3,3,2,2,3,3,1,3,2,3,3,3,3,3,3,2
9,0,4,13,434,0,0,0,0,3,0,0,0,2,0,0,0,1,3,0,2,2,0,0,0,0
37,0,3,0,439,0,1,3,2,3,2,3,3,2,3,0,0,0,3,0,2,0,0,2,3,3
47,1,56,61,451,0,3,2,3,1,3,3,3,1,3,3,2,0,3,2,1,1,2,2,1,2
34,0,0,0,453,0,0,2,3,1,3,3,2,0,2,0,3,2,0,1,1,1,0,2,1,3
28,0,0,0,454,1,2,2,1,2,2,2,3,2,0,1,2,2,2,1,1,1,0,1,2,1
37,0,13,20,455,1,3,3,3,0,3,2,1,0,0,0,3,0,3,0,0,0,1,1,1,1
28,1,1,24,460,0,2,3,3,3,2,2,0,3,1,0,1,1,1,1,1,3,3,3,0,3
11,0,13,13,462,0,1,0,2,3,0,0,0,3,0,0,2,3,0,3,0,3,0,3,0,0
35,0,51,0,463,0,1,3,3,1,1,3,0,1,3,3,2,0,1,1,1,2,0,1,1,3
